201902003   赵宇      计算机学院          学硕      37.0    0         1         70        60        111       97        338       
201712001   tim       马克思主义学院      专硕      38.0    0         0         90        90        90        90        360       
201608001   昭武      安法学院            学硕      37.0    0         1         80        80        80        80        320       
201704001   张宇宙    自动化学院          学硕      37.0    0         1         70        60        69        90        289       
201807001   张飞      外语学院            专硕      36.0    0         1         90        90        90        90        360       
201905001   张军      经管学院            非全日制  36.5    1         0         80        80        80        80        320       
201907002   李菲      外语学院            非全日制  37.0    0         1         70        70        90        90        320       
201705002   刘飞儿    经管学院            学硕      37.0    0         1         80        65        106       97        348       
201812002   马飞超    马克思主义学院      专硕      37.0    0         1         80        90        100       90        360       
201901009   zy        通信学院            学硕      37.0    0         1         60        60        70        80        270       
